0.560601
0.833002
0.468905
0.747219
0.851023
0.820627
0.037571
0.628388
0.699868
0.631434
0.153660
0.085960
0.949263
0.710932
0.784085
0.294249
0.318639
0.026089
0.546519
0.642230
0.117731
0.330776
0.188370
0.103086
0.366853
0.599674
0.370242
0.369756
0.054886
0.618478
0.560400
0.008689
0.716876
0.874332
0.306194
0.992621
0.811154
0.027982
0.890148
0.161342
0.297750
0.728205
0.018133
0.286650
0.500244
0.438943
0.591990
0.256972
0.871619
0.401440
0.185110
0.173429
0.907614
0.924480
0.127028
0.383077
0.345881
0.424662
0.320089
0.961269
0.954523
0.573434
0.831979
0.579388
0.502497
0.769275
0.160137
0.487484
0.927063
0.545698
0.552243
0.324007
0.935784
0.731044
0.878949
0.041691
0.640829
0.594452
0.278731
0.522772
0.346689
0.073331
0.301243
0.619259
0.093280
0.289553
0.997621
0.456215
0.959656
0.853492
0.805056
0.590526
0.512467
0.709358
0.501568
0.985046
0.354238
0.074128
0.538031
0.349985
