0.999944
0.195155
0.193299
0.792770
0.562030
0.719223
0.460368
0.420723
0.859206
0.850774
0.975663
0.922648
0.144423
0.919455
0.101941
0.174422
0.378453
0.065584
0.610931
0.800050
0.066689
0.566829
0.368656
0.591494
0.092662
0.068095
0.372919
0.869274
0.465753
0.899631
0.810278
0.088088
0.477008
0.515262
0.195033
0.042506
0.987511
0.090020
0.511890
0.755283
0.823812
0.998765
0.810473
0.326184
0.374774
0.250608
0.664440
0.544380
0.061527
0.422953
0.705927
0.489053
0.826405
0.156029
0.599036
0.898633
0.849491
0.463314
0.070089
0.163838
0.700656
0.309002
0.989041
0.773417
0.974364
0.232815
0.808346
0.412642
0.140237
0.692316
0.134450
0.442715
0.909104
0.991867
0.339167
0.275023
0.548256
0.971828
0.068946
0.142995
0.198432
0.246294
0.869297
0.066948
0.942184
0.759194
0.207836
0.717375
0.960223
0.535264
0.442070
0.020855
0.487152
0.161124
0.547172
0.715210
0.858740
0.359076
0.536269
0.900056
