001111110000111110000011100,
001111110101010100111111100,
001111101111000000010100010,
001111110011111101001001110,
001111110101100111011100101,
001111110101001000010100100,
001111010001100111100011111,
001111110010000011011110000,
001111110011001100101010100,
001111110010000110100101101,
001111100001110101011001000,
001111011011000000001011111,
001111110111001100000010111,
001111110011010111111111100,
001111110100100010111001110,
001111101001011010100111110,
001111101010001100100100100,
001111001101010110110111101,
001111110000101111101000101,
001111110010010001101001001,
001111011111000100011100110,
001111101010100101011011011,
001111100100000011100100000,
001111011101001100011111000,
001111101011101111010100001,
001111110001100110000100010,
001111101011110110010000010,
001111101011110101010000101,
001111010110000011010000100,
001111110001111001010100100,
001111110000111101110110011,
001111000000111001011011001,
001111110011011110000101001,
001111110101111111010100001,
001111101001110011000101011,
001111110111111000011100011,
001111110100111110100111110,
001111001110010100111010011,
001111110110001111100000101,
001111100010010100110110111,
001111101001100001110010101,
001111110011101001101011100,
001111001001010010001011001,
001111101001001011000011110,
001111110000000000001111111,
001111101110000010111101000,
001111110001011110001100101,
001111101000001110010001110,
001111110101111100100010011,
001111101100110110001001100,
001111100011110110001101100,
001111100011000110010111010,
001111110110100001011001011,
001111110110110010101010101,
001111100000001000010011100,
001111101100010000100010101,
001111101011000100010111010,
001111101101100101101101010,
001111101010001111100010101,
001111110111011000010101101,
001111110111010001011011100,
001111110001001011001100100,
001111110101010011111100100,
001111110001010001010010110,
001111110000000010100011101,
001111110100010011101111001,
001111100010001111111010110,
001111101111100110010111100,
001111110110110101010100000,
001111110000101110110010110,
001111110000110101011111110,
001111101010010111100100010,
001111110110111110001111100,
001111110011101100100101101,
001111110110000100000010110,
001111010010101011000011110,
001111110010010000001101011,
001111110001100000101110000,
001111101000111010110101110,
001111110000010111010100011,
001111101011000110000001010,
001111011001011000101110100,
001111101001101000111100100,
001111110001111010000111101,
001111011011111100001001011,
001111101001010001000000001,
001111110111111101100100000,
001111101110100110010101000,
001111110111010110101100000,
001111110101101001111110011,
001111110100111000011000001,
001111110001011100101100101,
001111110000001100110001000,
001111110011010110011000011,
001111110000000001100110110,
001111110111110000101011111,
001111101011010101011110101,
001111011001011111010000100,
001111110000100110111100010,
001111101011001100110001001,
