001111110111111111111100010,
001111100100011111010110110,
001111100100010111110000000,
001111110100101011110010111,
001111110000111111100001001,
001111110011100000011111000,
001111101110101110110101010,
001111101101011101101000111,
001111110101101111110100111,
001111110101100111001100010,
001111110111100111000101000,
001111110110110000110010101,
001111100001001111100011011,
001111110110101101100001011,
001111011101000011000110100,
001111100011001010011011101,
001111101100000111000100101,
001111011000011001010000101,
001111110001110001100101111,
001111110100110011010000000,
001111011000100010010100000,
001111110001000100011011101,
001111101011110011000000011,
001111110001011101101100001,
001111011011110111000101100,
001111011000101101110101010,
001111101011111011101111010,
001111110101111010001000101,
001111101110111001110111001,
001111110110011001001110001,
001111110100111101101110010,
001111011011010001100111100,
001111101111010000111010011,
001111110000001111101000001,
001111100100011110110110101,
001111010010111000011010010,
001111110111110011001101100,
001111011011100001011100101,
001111110000001100001011001,
001111110100000101011010001,
001111110101001011100101010,
001111110111111110101111000,
001111110100111101111011001,
001111101010011100000001100,
001111101011111111100010010,
001111101000000001001111101,
001111110010101000011000101,
001111110000101101011100100,
001111010111110000000011011,
001111101101100010001101010,
001111110011010010110111100,
001111101111101001100101000,
001111110101001110001111010,
001111100001111111000110000,
001111110001100101011010011,
001111110110011000001100110,
001111110101100101111000001,
001111101110110100110111011,
001111011000111110001010100,
001111100010011111000101001,
001111110011001101011110001,
001111101001111000110101100,
001111110111110100110001110,
001111110100010111111110101,
001111110111100101101111111,
001111100110111001100111000,
001111110100111011101111101,
001111101101001101000101110,
001111100000111110011010010,
001111110011000100111011100,
001111100000100110101101010,
001111101110001010101011100,
001111110110100010111011000,
001111110111110111101010111,
001111101010110110100111010,
001111101000110011001111110,
001111110000110001011010011,
001111110111100011001001101,
001111011000110100110011110,
001111100001001001101101010,
001111100100101100110001101,
001111100111110000110100100,
001111110101111010001010001,
001111011000100100011011110,
001111110111000100110010111,
001111110100001001011010100,
001111100101010011010010111,
001111110011011110100101110,
001111110111010111010001001,
001111110000100100000111000,
001111101110001001010111000,
001111001010101011011000110,
001111101111100101101100000,
001111100010010011111101100,
001111110000110000010011011,
001111110011011100010111111,
001111110101101111010110011,
001111101011011111011000110,
001111110000100101001000111,
001111110110011001101010000,
